0: 8 11
1: 47 24 | 84 72
10: 47 100 | 84 81
100: 47 47 | 84 47
101: 105 84 | 14 47
102: 100 47 | 76 84
103: 84 115 | 47 81
104: 45 84 | 76 47
105: 47 125 | 84 100
106: 16 84 | 118 47
107: 84 47 | 47 84
108: 55 100
109: 17 84 | 100 47
11: 42 31
110: 76 84 | 63 47
111: 58 84 | 126 47
112: 84 82 | 47 103
113: 55 47 | 47 84
114: 17 84 | 107 47
115: 55 55
116: 125 84 | 63 47
117: 74 47
118: 47 17 | 84 57
119: 47 115 | 84 57
12: 45 47 | 63 84
120: 98 84 | 78 47
121: 99 47 | 27 84
122: 65 47 | 52 84
123: 84 74
124: 84 107
125: 47 47 | 55 84
126: 50 84 | 113 47
127: 81 47 | 17 84
128: 107 47 | 125 84
129: 47 80 | 84 131
13: 47 33 | 84 129
130: 34 47 | 70 84
131: 84 127 | 47 97
132: 17 47 | 81 84
133: 47 15 | 84 128
134: 57 47 | 115 84
135: 32 84 | 2 47
14: 84 100 | 47 107
15: 47 100 | 84 45
16: 57 47 | 107 84
17: 47 84 | 84 84
18: 116 47 | 26 84
19: 3 47 | 13 84
2: 47 100 | 84 40
20: 84 128 | 47 104
21: 57 84 | 115 47
22: 102 84 | 123 47
23: 60 47 | 73 84
24: 74 47 | 81 84
25: 38 84 | 63 47
26: 55 107
27: 6 47 | 91 84
28: 63 84 | 74 47
29: 47 61 | 84 111
3: 29 47 | 130 84
30: 47 100 | 84 74
31: 121 84 | 77 47
32: 50 84 | 40 47
33: 101 47 | 133 84
34: 52 47 | 25 84
35: 84 50 | 47 76
36: 107 84 | 125 47
37: 47 30 | 84 95
38: 84 84 | 84 47
39: 113 84 | 81 47
4: 84 135 | 47 54
40: 47 47
41: 84 124 | 47 10
42: 19 84 | 62 47
43: 47 100 | 84 125
44: 47 21 | 84 36
45: 47 47 | 47 84
46: 47 81 | 84 17
47: "a"
48: 84 94 | 47 96
49: 47 63 | 84 76
5: 47 63 | 84 125
50: 47 47 | 84 84
51: 84 113 | 47 81
52: 47 45 | 84 74
53: 106 47 | 59 84
54: 12 84 | 5 47
55: 84 | 47
56: 84 83 | 47 69
57: 47 84 | 84 55
58: 47 50 | 84 115
59: 47 49 | 84 43
6: 68 84 | 67 47
60: 41 47 | 37 84
61: 84 10 | 47 110
62: 84 87 | 47 23
63: 84 55 | 47 47
64: 17 47 | 115 84
65: 84 113 | 47 50
66: 38 47 | 125 84
67: 102 47 | 64 84
68: 127 84 | 51 47
69: 39 47 | 78 84
7: 84 1 | 47 20
70: 47 134 | 84 46
71: 48 84 | 4 47
72: 40 47 | 45 84
73: 47 79 | 84 22
74: 84 47
75: 50 55
76: 84 84
77: 47 86 | 84 71
78: 84 74 | 47 81
79: 47 28 | 84 109
8: 42
80: 114 47 | 109 84
81: 47 84
82: 74 84 | 38 47
83: 66 47 | 108 84
84: "b"
85: 47 112 | 84 18
86: 84 90 | 47 85
87: 84 53 | 47 9
88: 47 119 | 84 132
89: 84 125 | 47 45
9: 88 84 | 120 47
90: 92 47 | 44 84
91: 122 84 | 93 47
92: 84 75 | 47 108
93: 84 66 | 47 35
94: 15 84 | 127 47
95: 47 115 | 84 107
96: 84 89 | 47 117
97: 74 84 | 50 47
98: 47 76 | 84 100
99: 47 56 | 84 7
